,회사명,날짜,언론사,기사제목,링크,본문
0,NC soft, 2017-05-1518:34,부산일보 ,"넥슨, 매출 1위 왕좌 지켰다…넷마블 1Q 매출 '6875억' 2위",https://finance.naver.com/news/news_read.nhn?article_id=0000705731&office_id=082&mode=search&query=엔씨&page=1,"['       넥슨, 매출 1위 왕좌 지켰다…넷마블 1Q 매출 \'6875억\' 2위      기사입력2017-05-15 18:34기사원문좋아요훈훈해요좋아요 평가하기공감좋아요0훈훈해요0슬퍼요0화나요0후속기사 원해요0댓글    넥슨이 올 1분기 게임시장에서 국내 왕좌를 지켜냈다.\xa0당초 시장에서는 넷마블게임즈가 신작 \'리니지2 레볼루션\'의 초대박 흥행으로 넥슨을 제치고 매출 1위를 차지할 것이란 예상이 나오기도 했지만 뚜껑을 열어보니 달랐다.\xa0\xa0\xa0\xa0 넷마블의 1분기 실적은 이 회사의 관계사인 CJ E&M이 15일 한국거래소에 분기보고서를 제출하면서 알려지게 됐다. CJ E&M은 넷마블의 지분 27.63%를 보유하고 있다.\xa0 CJ E&M이 공개한 자료에 따르면 넷마블은 올 1분기 연결기준 작년보다 391.0% 늘어난 6천874억9천만원의 매출을 냈다. 같은 기간 당기순이익 또한 171.6% 늘은 1천155억3천만원으로 확인됐다. \xa0 넷마블의 이 같은 실적 반등의 배경에는 단연 작년 12월14일 출시된 \'리니지2 레볼루션\'의 역할이 크게 작용했던 것으로 분석된다.\xa0실제 이 게임은 국내 출시와 동시에 경쟁자 없는 1등 게임으로 자리잡았다. 오픈 첫날 일매출 79억원을 돌파한 데 이어 론칭 한 달만에 누적 매출 2천억원을 기록하는 등 전례 없는 대기록을 남겼다. \xa0한편 넷마블게임즈와 왕좌를 두고 경쟁을 펼쳤던 넥슨은 1분기 연결기준 7천570억원의 연결매출과 2천15억원의 순이익을 냈다. 같은 기간 엔씨소프트는 매출 2천395억원, 순이익 174억을 기록했다. \xa0류세나 기자 cream53@< 저작권자 ⓒ 부산일보(www.busan.com) 무단 전재 및 재배포 금지 > 부산일보 관련뉴스해당 언론사에서 선정하며 언론사 페이지(아웃링크)로 이동해 볼 수 있습니다.블루사이드, 오는 16일 유나이트 서울서 \'건그레이브VR\' 최초 공개\'옥자\' 칸 상영논란 어쨌다는 걸까..봉준호 스스로 베일벗다\'엽기적인 그녀\' 정웅인 ""조선시대 국정농단 최고봉, 기대해도 좋다""\'엽기적인 그녀\' 이정신 ""조선판 키다리아저씨... 뿌듯한 경험""경리, 솔로곡\'Talk About You\' 17일 공개 ... 재즈 가미 섹시 힙합으로 실연 그려좋아요0훈훈해요0슬퍼요0화나요0후속기사 원해요0기사제공 :']"
1,NC soft, 2017-05-1518:19,한국경제TV ,중국의 반격...모바일게임에 부는 '황사바람',https://finance.naver.com/news/news_read.nhn?article_id=0000548896&office_id=215&mode=search&query=엔씨&page=1,"['       중국의 반격...모바일게임에 부는 \'황사바람\'      기사입력2017-05-15 18:19기사원문좋아요훈훈해요좋아요 평가하기공감좋아요0훈훈해요0슬퍼요0화나요0후속기사 원해요0댓글[한국경제TV 정재홍 기자]중국 모바일게임의 국내 진출이 가속화되고 있습니다.그동안 국내 게임업체가 중국에 게임 브랜드를 빌려주고 로열티를 받아왔는데  상황이 역전된 겁니다.어찌된 일인지 정재홍 기자가 보도합니다.중국 텐센트 티미 스튜디오의 1위 모바일게임 \'왕자영요\'를 국산화한 넷마블의 \'펜타스톰\'.인기 온라인게임 \'롤(LOL)\'의 모바일 버전이란 소식에 사전예약자만 200만명이 몰리며 출시되자마자 게임 순위 1위에 올랐습니다.같은달 출시된 \'군왕\' 역시 중국 스카이라인게임즈가 개발한 게임으로, 출시되자마자 국내 애플 앱스토어 인기순위 2위에 올랐습니다.원활한 수입을 위해 중국 \'심천\'에 별도 사무실까지 만든 카카오게임즈는 중국 넷이즈의 원작 게임 \'음양사\' 퍼블리싱 계약금으로만 100억원가량 쓴 것으로 알려져 업계에서도 화제였습니다.이렇게 국내 게임사들이 앞다퉈 중국 게임을 수입하는 이유는 이미 흥행이 보장된데다 비용도 아낄 수 있기 때문입니다. 게임업계 관계자""중국이나 해외 게임들 수입하는 경우는 언어만 번역하면 되잖아요. 대부분 게임성이 갖춰져 있으니까...아무래도 개발기간이 짧고... (최근엔)중국게임들이 로열티를 높게 책정하는 걸로 알고 있고요... 왜냐면 잘 되니까""실제 계속 줄어들었던 국내 게임 수입액은 중국게임이 본격적으로 들어오기 시작한 2015년을 기점으로 다시 상승한 가운데 모바일게임 수입액만 3배 가까이 늘었습니다.반면에 넷마블의 \'리니지2 레볼루션\', 엔씨소포트의 \'리니지 레드나이츠\' 등 국산 게임의 중국 진출은 더딘 상황입니다.지난해 중국내 게임·영상물 등의 서비스 권한인 \'판호\'가 신고제에서 허가제로 바뀐데다 사드배치에 따른 한한령 여파까지 불면서 발급이 지연된 탓입니다.전문가들은 정치적인 문제에 앞서 게임업계가 돌파구를 스스로 만들어 내지 않으면 한·중간 수출 역전현상이 가속화될 거라고 경고합니다. 이대웅 상명대 게임학과 교수""(게임)산업계는 지금 홍보비에는 엄청난 돈을 쓰지만 게임문화의 진작, 건전한 게임문화의 확산 이런 거에는 과연 돈을 쓰고 있는가. 사실상 거의 쓰고 있지 않고 있습니다. 그런 측면에서 보면 제대로된 투자가 이뤄져야 하고...""국내 게임사들 안정적인 수익원으로 중국 게임에 의존하기 시작하면서 당분간 국내 모바일 게임시장의 중국 열풍은 지속될 전망입니다.한국경제TV 정재홍입니다.정재홍 기자 jhjeong@wowtv.co.kr▶인기 신작웹툰  보러가기 ⓒ 한국경제TV, 무단 전재 및 재배포 금지한국경제TV 관련뉴스해당 언론사에서 선정하며 언론사 페이지(아웃링크)로 이동해 볼 수 있습니다.문재인 자택, 홍은동 빌라 가격 관심폭발…보유 재산은 얼마?이태임 수영복 자태 변천사…이 몸매가 굴욕?조국 교수 스토킹하던 60대女 입건, 3년 전부터 ""결혼하자"" 괴롭혀성현아, 이혼소송 남편 자살 추정…시신 부패 진행 중 발견황정음 결혼, 이영돈 애마 포르쉐 가격 얼마? \'억 소리나네\'좋아요0훈훈해요0슬퍼요0화나요0후속기사 원해요0기사제공 :']"
2,NC soft, 2017-05-1517:59,서울경제 ,유럽계 자금 차익실현 나설듯,https://finance.naver.com/news/news_read.nhn?article_id=0003032671&office_id=011&mode=search&query=엔씨&page=1,"['       유럽계 자금 차익실현 나설듯      기사입력2017-05-15 17:59기사원문좋아요훈훈해요좋아요 평가하기공감좋아요0훈훈해요0슬퍼요0화나요0후속기사 원해요0댓글 내달 FOMC 회의·英 총선 앞둬외인 매도세 당분간 지속 전망[서울경제] 유럽계 자금이 오는 6월 미국 연방공개시장위원회(FOMC) 회의와 영국 총선 등을 앞두고 위험자산 정리에 나설 것이라는 분석이 제기됐다. 전문가들은 이틀째 이어지고 있는 외국인의 차익 실현 매도가 당분간 이어질 것으로 전망했다. 15일 코스피에서 외국인 투자가들은 959억원을 순매도했다. 지난 12일 올 들어 가장 많은 3,065억원을 팔아치운 외국인이 이틀 연속 코스피에서 높은 매도세를 보인 것이다. 이날 외국인은 코스피에서 넷마블게임즈(251270)(406억원), 엔씨소프트(036570)(270억원) 등 게임업종 대표종목들을 많이 팔았다.외국인 매도세의 중심에는 최근 코스피 랠리를 주도해온 유럽계 자금이 있는 것으로 분석된다. 유럽 투자가들은 지난달 말 1차 투표, 이달 초 결선이 있었던 프랑스 대선에서 에마뉘엘 마크롱이 승리하자 위험자산 선호심리를 키우면서 코스피에 대거 들어왔다. 이 기간(4월20일~5월11일) 외국인은 코스피에서 하루(4월28일)를 제외하고 전부 매수세를 보였다. 하지만 유럽계 자금은 국내 증시에서 최근 순매도로 돌아선 것으로 추정된다. 12일 코스피와 코스닥에서 외국인은 주로 유럽계 증권사인 크레디트스위스(CS) 창구를 통해 매물을 쏟아냈다. 유럽계 자금이 국내 증시를 빠져나가는 것은 6월 이벤트 때문으로 풀이된다. 미국 연방준비제도(Fed·연준)가 다음달 FOMC에서 추가 금리 인상을 할 경우 달러화 강세(유로화 약세)가 우려되기 때문이다. 이경민 대신증권 연구원은 “환율에 민감하고 단기투자 성향이 강한 유럽계 자금이 국내 증시에서 이탈할 가능성이 높다”며 “6월 영국의 조기 총선 등 유럽의 정치 이벤트도 유럽계 자금의 위험자산 선호를 후퇴시킬 가능성이 높다”고 말했다.      /이경운기자 cloud@sedaily.com[서울경제 바로가기]""4차 산업혁명의 미래를 만나다""…서울포럼2017 [바로가기]서울경제의 모든 연재물!... 서경Cube [바로가기▶]저작권자 ⓒ 서울경제, 무단 전재 및 재배포 금지서울경제 관련뉴스해당 언론사에서 선정하며 언론사 페이지(아웃링크)로 이동해 볼 수 있습니다.김정숙 여사, 걸어서 출근한 \'文 대통령\' 붙잡은 사연文대통령·김정숙 여사, 홍은동 이웃에 시루떡 돌려···""참 좋았습니다""이낙연, 아들 군면제 받자 병무청에 몰래 전달한 그것문재인 군복무 단축 공약 검토에 병사 봉급 인상 공약까지? ""길기만 했던 군복무 18개월로 단축!""\'외모패권주의\' 신조어 만들어낸 문재인 경호원·조국 ""얼굴 보고 뽑나요?"" 헉 소리나네좋아요0훈훈해요0슬퍼요0화나요0후속기사 원해요0기사제공 :']"
3,NC soft, 2017-05-1515:37,전자신문 ,"[ET투자뉴스]엔씨소프트, ""성장성에 대하여 초…"" OUTPERFORM(MAINT...",https://finance.naver.com/news/news_read.nhn?article_id=0002608881&office_id=030&mode=search&query=엔씨&page=1,"['       [ET투자뉴스]엔씨소프트, ""성장성에 대하여 초…"" OUTPERFORM(MAINTAIN)-      기사입력2017-05-15 15:37기사원문좋아요훈훈해요좋아요 평가하기공감좋아요0훈훈해요0슬퍼요0화나요0후속기사 원해요0댓글키움증권에서 15일 엔씨소프트(036570)에 대해 ""성장성에 대하여 초점을 맞추자""라며 투자의견을 \'OUTPERFORM(MAINTAIN)\'로 제시하였고, 아울러 목표주가로는 400,000원을 내놓았다. 키움증권 김학준 애널리스트가 동종목에 대하여 이번에 제시한 \'OUTPERFORM(MAINTAIN)\'의견은 키움증권의 직전 매매의견을 그대로 유지하는 것이고 올해 초반의 매매의견을 기준으로  볼때도 역시 \'매수\'의견이 계속 유지되고 있는 상태이다. 그리고 최근 분기내 발표된 전체 증권사 리포트의 컨센서스와 비교를 해볼 경우에 오늘 발표된 투자의견은 대체적으로 평균치에 해당하는 수준으로, 이번 의견은 동종목에 대한 전체적인 흐름에서 크게 벗어나지 않은 것으로 분석되고 있다. 목표주가의 추이를 살펴보면 최근 두차례 연속 상향조정되다가 이번에는 직전 목표가와 동일한 수준을 유지하는 모습이다. 또한 전일 종가 기준으로 볼때 동종목의 현주가는 이번에 제시된 목표가 대비 14%의 추가상승여력이 있다는 해석이 제시되고 있다. ◆ Report statistics키움증권의 동종목에 대한 최근 1년동안의 투자의견은 전체적으로 큰 변화없이 유지되고 있다. 목표주가는 2016년5월 300,000원이 저점으로 제시된 이후 이번에 발표된 400,000원까지 꾸준하게 상향조정되어 왔다. 한편 증권정보제공 업체인 씽크풀에 따르면 동사에 대한 컨센서스는 \'매수\'이고 목표주가의 추이를 살펴보면 최근 두차례 연속 목표가가 하향조정되고 있는데 이번에 조정된 폭이 이전보다는 줄어든 추세이다. \xa0컨센서스최고최저투자의견매수매수(유지)HOLD(D)목표주가453,200530,000360,000*최근 분기기준오늘 키움증권에서 발표된 \'OUTPERFORM(MAINTAIN)\'의견 및 목표주가 400,000원은 전체 컨센서스 대비해서 대체적으로 평균치에 해당하는 수준으로, 이번 의견은 동종목에 대한 전체적인 흐름에서 크게 벗어나지 않은 것으로 파악되며 목표가평균 대비 11.7%정도 미달하고 있는 것으로 집계되었다.  참고로 최근에 목표주가를 가장 공격적으로 제시한 유진투자증권에서 투자의견 \'매수(유지)\'에 목표주가 530,000원을 제일 보수적인 의견을 제시한 신영증권에서 투자의견 \'매수(유지)\'에 목표주가 360,000원을 제시한 바 있다. \xa0의견제시일자투자의견목표가격20170515OUTPERFORM(MAINTAIN)400,00020170414OUTPERFORM(MAINTAIN)400,00020170208OUTPERFORM(DOWNGRADE)340,00020170113매수(유지)330,00020161212매수(유지)330,000의견제시일자증권사투자의견목표가20170515키움증권OUTPERFORM(MAINTAIN)400,00020170515BNK투자증권매수(유지)450,00020170512NH투자증권매수(유지)520,00020170512하이투자증권매수(유지)470,000(씽크풀에서 제공하는 컨센서스는 국내 전증권사에서 발표되는 기업분석 리포트 및 코멘트를 실시간으로 통계/분석처리되고 있습니다.)증시분석 전문기자 로봇 ET etbot@etnews.com전자신문과 씽크풀의 증시분석 전문기자 로봇 ET가 쓴 기사입니다▶ 전자신문 인기 포스트▶ 전자신문 공식 페이스북▶ 전자신문 바로가기 [Copyright ⓒ 전자신문 & 전자신문인터넷, 무단전재 및 재배포 금지]전자신문 관련뉴스해당 언론사에서 선정하며 언론사 페이지(아웃링크)로 이동해 볼 수 있습니다.창조경제혁신센터 \'창업 아이디어센터\' 된다국내선 아이폰으로 교통카드 기능 못쓴다현대차, 첫 고성능 모델 \'벨로스터N\' 내년에 출시한다중국 IoT 연맹 쇠락…\'삼성·LG 중심 글로벌 각축전\'기아차, 840㎞ 주행가능한 니로 PHEV 출시…""세제혜택 받으면 2000만원대""좋아요0훈훈해요0슬퍼요0화나요0후속기사 원해요0기사제공 :']"
4,NC soft, 2017-05-1514:58,전자신문 ,"[ET투자뉴스]엔씨소프트, ""하반기부터 신작 모…"" 매수(유지)-BNK투자증권",https://finance.naver.com/news/news_read.nhn?article_id=0002608830&office_id=030&mode=search&query=엔씨&page=1,"['       [ET투자뉴스]엔씨소프트, ""하반기부터 신작 모…"" 매수(유지)-BNK투자증권      기사입력2017-05-15 14:58기사원문좋아요훈훈해요좋아요 평가하기공감좋아요0훈훈해요0슬퍼요0화나요0후속기사 원해요0댓글BNK투자증권에서 15일 엔씨소프트(036570)에 대해 ""하반기부터 신작 모바일게임 매출 급증할 전망""라며 투자의견을 \'매수(유지)\'로 제시하였다. 아울러 6개월 목표주가를 450,000원으로 내놓았다. BNK투자증권 이승훈 애널리스트가 동종목에 대하여 이번에 제시한 \'매수(유지)\'의견은 BNK투자증권의 직전 매매의견과 동일한 것이고 올해 초반의 매매의견을 기준으로  볼때도 역시 \'매수\'의견이 계속 유지되고 있는 상태이다. 그리고 최근 분기내 발표된 전체 증권사 리포트의 컨센서스와 비교를 해볼 경우에 오늘 발표된 투자의견은 대체적으로 평균치에 해당하는 수준으로, 이번 의견은 동종목에 대한 전체적인 흐름에서 크게 벗어나지 않은 것으로 분석되고 있다. 한편 6개월 목표주가로 제시한 450,000원은 직전에 발표된 목표가 370,000원 대비 21.6% 상향조정 된 것이고, 또한 전일 종가 기준으로 볼때 동종목의 현주가는 이번에 제시된 목표가 대비 28.2%의 추가상승여력이 있다는 해석이 제시되고 있다. ◆ Report statisticsBNK투자증권의 동종목에 대한 최근 3개월 동안의 투자의견은 전체적으로 큰 변화없이 유지되고 있다. 한편 증권정보제공 업체인 씽크풀에 따르면 동사에 대한 컨센서스는 \'매수\'이고 목표주가의 추이를 살펴보면 직전에 한차례 상향조정된 후에 이번에 다시 목표가가 전저점보다 더 낮게 조정되면서 전체적으로는 하향추세가 계속 진행되는 추세이다. \xa0컨센서스최고최저투자의견매수매수(유지)HOLD(D)목표주가453,200530,000360,000*최근 분기기준오늘 BNK투자증권에서 발표된 \'매수(유지)\'의견 및 목표주가 450,000원은 전체 컨센서스 대비해서 대체적으로 평균치에 해당하는 수준으로, 이번 의견은 동종목에 대한 전체적인 흐름에서 크게 벗어나지 않은 것으로 파악되며 목표가평균과 대비해서 미미한 차이가 나는 것으로 집계되었다.  참고로 최근에 목표주가를 가장 공격적으로 제시한 유진투자증권에서 투자의견 \'매수(유지)\'에 목표주가 530,000원을 제일 보수적인 의견을 제시한 신영증권에서 투자의견 \'매수(유지)\'에 목표주가 360,000원을 제시한 바 있다. \xa0의견제시일자투자의견목표가격20170515매수(유지)450,00020170221매수(신규)370,000의견제시일자증권사투자의견목표가20170515BNK투자증권매수(유지)450,00020170512NH투자증권매수(유지)520,00020170512하이투자증권매수(유지)470,00020170512동부증권매수(유지)490,000(씽크풀에서 제공하는 컨센서스는 국내 전증권사에서 발표되는 기업분석 리포트 및 코멘트를 실시간으로 통계/분석처리되고 있습니다.)증시분석 전문기자 로봇 ET etbot@etnews.com전자신문과 씽크풀의 증시분석 전문기자 로봇 ET가 쓴 기사입니다▶ 전자신문 인기 포스트▶ 전자신문 공식 페이스북▶ 전자신문 바로가기 [Copyright ⓒ 전자신문 & 전자신문인터넷, 무단전재 및 재배포 금지]전자신문 관련뉴스해당 언론사에서 선정하며 언론사 페이지(아웃링크)로 이동해 볼 수 있습니다.창조경제혁신센터 \'창업 아이디어센터\' 된다국내선 아이폰으로 교통카드 기능 못쓴다현대차, 첫 고성능 모델 \'벨로스터N\' 내년에 출시한다중국 IoT 연맹 쇠락…\'삼성·LG 중심 글로벌 각축전\'기아차, 840㎞ 주행가능한 니로 PHEV 출시…""세제혜택 받으면 2000만원대""좋아요0훈훈해요0슬퍼요0화나요0후속기사 원해요0기사제공 :']"
5,NC soft, 2017-05-1510:35,아시아경제 ,"개미, 게임에 빠지다",https://finance.naver.com/news/news_read.nhn?article_id=0003993501&office_id=277&mode=search&query=엔씨&page=1,"['       개미, 게임에 빠지다      기사입력2017-05-15 10:35기사원문좋아요훈훈해요좋아요 평가하기공감좋아요0훈훈해요0슬퍼요0화나요0후속기사 원해요0댓글 [아시아경제 박선미 기자] 새 정부 출범으로 게임이 대표적인 수혜 산업 중 하나로 손꼽히고 있는 가운데 개미(개인투자자)들이 게임 회사 주식을 쓸어 담고 있다. 15일 한국거래소에 따르면 이달들어(5월1~12일) 개인 투자자 순매수 상위 종목에는 게임주가 대거 포진했다. 지난 12일 유가증권시장에 상장해 첫 거래를 시작한 넷마블게임즈가 개인 투자자 순매수 1위를 기록 중이다. 개인 투자자들은 상장 첫날에만 151만800주, 2478억원어치 주식을 샀다. 같은 기간 외국인 투자자들이 173만5800주, 약 2849억원어치를 팔아 공모주 차익실현에 나선 것과 대조적이다. 개인이 가장 많이 샀지만, 동시에 외국인이 가장 많이 판 종목이 된 넷마블게임즈는 이날 오전 주가가 15만8000원까지 내려갔다.엔씨소프트도 이달들어 개인 투자자들이 가장 많이 순매수한 종목 4위에 이름을 올렸다. 지난달까지만해도 순매수 상위 10위권 밖에 있던 엔씨소프트에는 이달들어 1504억원의 개인투자자 자금이 몰렸다. 1분기 어닝쇼크에도 불구하고 모바일 다중접속역할수행게임(MMORPG) 리니지M 흥행에 대한 기대감이 주식 매수로 이어지고 있는 것.코스닥시장에서도 개인 투자자들의 게임주 관심이 이어지고 있다. 모바일 게임 퍼블리싱(배급) 회사인 와이제이엠게임즈와 개발 및 배급사 게임빌이 각각 개인 투자자 매수 상위 2,3위에 오르며 240억원 가량을 흡수했다.  넷마블 지분을 가지고 있는 CJ E&M도 순매수 상위 4위에 올랐으며 게임빌과 \'형제회사\'로 불리는 모바일게임 업체 컴투스 역시 개인 투자자들의 주식 순매수 바구니에 담겼다. 그러나 개인 투자자들이 쓸어담고 있는 게임주는 국내 주식시장이 고점을 높여가고 있는 5월 분위기에 따라가지 못하고 있다. 이미 고점을 찍은 상황에서 개인 투자자 자금이 많이 유입된터라 자칫하면 주가 하락으로 개인 투자자들의 손실이 커질 수 있는 위기에 놓인 것이다.이날 개장가를 기준으로 넷마블은 상장 후 개인 투자자 자금이 유입된 이틀 연속 주가가 하락했고, 엔씨소프트는 지난 4일 장중 최고가 38만1000원을 찍은 후 현재 35만원까지 주가가 내려왔다. 와이제이엠게임즈, 게임빌, 컴투스 모두 단기 고점을 찍은 후 5월 주가가 부진한 상황이다. 게임 흥행에 대한 기대감과 새 정부 출범으로 게임산업 규제 완화 낙관론이 게임주의 상승 동력이 됐지만, 지나친 기대감은 오히려 독이 될 수도 있다는 우려의 목소리도 나오고 있다. 엔씨소프트에 대한 \'매수\' 투자의견을 거둬들인 이창영 유안타증권 연구원은 ""현재 주가 수준은 게임 하나에 지나친 기대와 의존을 하고 있다""고 조언했다.박선미 기자 psm82@asiae.co.kr▶ 뉴스가 재밌다! 세상의 모든 재미 [티잼]▶ 인기최신만화  ▶ 오늘의 띠별, 별자리 운세아시아경제 관련뉴스해당 언론사에서 선정하며 언론사 페이지(아웃링크)로 이동해 볼 수 있습니다.[속보]""60대도 반했다"" 문 대통령 지지율 무려…[속보]문재인 향한 나경원 발언에…""난리났다""[속보]""우병우 딱 걸렸다"" 조국 민정수석 긴급히…\'박근혜 진돗개\' 결국 비참한 운명""박근혜 세월호때…"" 청와대 요리사의 폭로좋아요0훈훈해요0슬퍼요0화나요0후속기사 원해요0기사제공 :']"
6,NC soft, 2017-05-1510:30,아시아경제 ,방준혁 넷마블 의장 단숨에 주식부자 6위…3조3500억원 규모,https://finance.naver.com/news/news_read.nhn?article_id=0003993494&office_id=277&mode=search&query=엔씨&page=1,"['       방준혁 넷마블 의장 단숨에 주식부자 6위…3조3500억원 규모      기사입력2017-05-15 10:30기사원문좋아요훈훈해요좋아요 평가하기공감좋아요0훈훈해요0슬퍼요0화나요0후속기사 원해요0댓글3조3581억원 규모, 이재현 CJ그룹 회장 역전[아시아경제 최동현 기자] 방준혁 넷마블게임즈 의장이 이재현 CJ그룹 회장을 밀어내고 국내 주식부호 6위에 올랐다. 한 때 같은 계열사 내 사장이 그룹 총수를 기업공개(IPO) 한방으로 역전한 셈이다.15일 한국거래소와 재벌닷컴 등에 따르면 방준혁 의장의 넷마블게임즈 보유주식은 약 2073만주(24.47%)로 지난 12일 종가 기준 3조3581억원 규모다. 넷마블 상장 전까지만 하더라도 이재현 회장이 국내 주식부자 6위(2조6429억원)였으나 이번에 방 의장에 밀렸다. 방 의장 바로 앞 5위는 2015년 8월 광복절 특별사면을 받고 지난해 경영에 복귀한 최태원 SK그룹 회장(4조1277억원)이다.게임업계 대표 \'흙수저\'라 불리는 방 의장과 이 회장의 인연은 남다르다. 고등학교 중퇴 후 중소기업을 전전하던 방 의장은 사업에 뜻을 품고 2000년 지인들과 자본금 1억원으로 넷마블을 설립했다. 테트리스 등 캐주얼과 웹보드게임으로 흥행한 덕에 1년만에 1000만명의 회원을 확보하기도 했다. 넷마블이 크게 흥행하던 2004년 당시 이 회장은 CJ엔터테인먼트(현 CJ E&M)를 중심으로 엔터사업 육성에 심혈을 기울이고 있었다. 그러다 당시 방 의장의 성공신화에 주목했고 넷마블을 보유한 모회사 플레너스를 방 의장으로부터 인수, CJ 계열사로 편입시키는 데 약 800억원을 투자했다. 기존 CJ엔터의 영화ㆍ공연 사업과 상대적으로 취약했던 유무선 온라인게임 사업을 합쳐 온ㆍ오프 종합 엔터기업으로 발돋움 하겠다는 복안이었다.플레너스가 CJ계열사로 들어오면서 사명은 CJ인터넷으로 바뀌었다. 당시 이 회장은 방 의장의 경영권을 3년간 보장해주는 차원에서 사업전략담당 사장직을 맡겼다. 하지만 2006년 건강 악화로 방 의장이 자리에 물러났고 이후 넷마블은 신작 게임 실패와 주요 게임 배급 중단 등의 잇단 악재로 심각한 경영난을 겪게된다. 2011년 3월 CJ인터넷은 결국 사업이 대폭 축소되며 CJ E&M 게임사업부문으로 편입됐다.이후 방 의장은 이 회장의 간곡한 요청으로 2011년 6월 총괄상임고문으로 넷마블에 다시 복귀했다. 스마트폰의 급속한 보급 등 미래는 모바일게임에 있다고 생각하고 이에 맞게 사업 구조도 재편했다. 이 회장의 지원으로 CJ게임즈를 설립한 이후엔 \'다함께차차차\'와 \'모두의마블\' 등 성공작을 내놓으며 부활의 신호탄을 쐈다. 그러다 2014년 3월 CJ게임즈는 시장이 떠들썩할만한 깜짝 발표를 한다. 중국 최대 게임사인 텐센트로부터 5억달러(한화 약 5300억원) 투자유치에 성공한 것이다. 이 투자로 CJ E&M은 CJ게임즈의 1대주주에서 2대주주로 내려왔으며 CJ게임즈는 CJ그룹에서 분리됐다. 게임산업에 대한 경영실패와 이 회장의 구속에 따른 추진력 둔화 등 악재로 CJ E&M은 결국 게임사업부로 존재하고 있던 넷마블을 물적분할해 CJ게임즈에 넘겼고 방 의장은 CJ게임즈와 넷마블을 합쳐 현재의 넷마블게임즈를 설립했다.우여곡절 끝에 넷마블은 지난 12일 유가증권시장에 상장해 엔씨소프트를 제치고 단숨에 게임 대장주 자리에 올랐다. 시가총액은 약 14조원 규모다.최동현 기자 nell@asiae.co.kr▶ 뉴스가 재밌다! 세상의 모든 재미 [티잼]▶ 인기최신만화  ▶ 오늘의 띠별, 별자리 운세아시아경제 관련뉴스해당 언론사에서 선정하며 언론사 페이지(아웃링크)로 이동해 볼 수 있습니다.[속보]""60대도 반했다"" 문 대통령 지지율 무려…[속보]문재인 향한 나경원 발언에…""난리났다""[속보]""우병우 딱 걸렸다"" 조국 민정수석 긴급히…\'박근혜 진돗개\' 결국 비참한 운명""박근혜 세월호때…"" 청와대 요리사의 폭로좋아요0훈훈해요0슬퍼요0화나요0후속기사 원해요0기사제공 :']"
7,NC soft, 2017-05-1509:21,부산일보 ,"""넷마블 '리니지2 레볼루션' 일평균 매출 20억 밑으로 떨어져""",https://finance.naver.com/news/news_read.nhn?article_id=0000705546&office_id=082&mode=search&query=엔씨&page=1,"['       ""넷마블 \'리니지2 레볼루션\' 일평균 매출 20억 밑으로 떨어져""      기사입력2017-05-15 09:21기사원문좋아요훈훈해요좋아요 평가하기공감좋아요0훈훈해요0슬퍼요0화나요0후속기사 원해요0댓글    넷마블게임즈의 대표게임 \'리니지2 레볼루션\'의 5월 일평균 매출이 20억원 밑으로 떨어진 것으로 추정된다는 분석이 나왔다. \xa0삼성증권은 15일 넷마블의 성공적인 코스피 상장을 이끈 모바일 MMORPG \'리니지2 레볼루션\'의 일매출이 시장 예상치보다 빠르게 하락하고 있는 것으로 관찰된다는 내용의 기업리포트를 발표했다. \xa0이 증권사의 오동환 연구원은 ""지난달 30일 \'리니지2 레볼루션\'에 MMORPG 장르의 최고 콘텐츠로 꼽히는 공성전이 도입됐음에도 불구하고 5월 일평균 매출이 20억원 이하로 하락한 것으로 보인다""면서 ""또 여기에 올 6월 엔씨소프트의 모바일 MMORPG \'리니지M\' 출시가 예정돼 있어 \'리니지2 레볼루션\'은 당분간 매출 약세를 보일 것으로 예상된다""고 밝혔다. \xa0그러면서도 ""하지만 3분기부터 \'레볼루션\'의 일본, 중국, 북미 출시가 순차적으로 예정돼 있기 때문에 매출 반등은 가능할 것""이라면서 ""특히 중국시장에서 MMO의 인기와 \'리니지\' IP의 인지도 등을 고려하면 현지 흥행 가능성도 높다고 판단된다""고 첨언했다. \xa0\'리니지2 레볼루션\'은 작년 12월14일 국내 출시와 동시에 경쟁자 없는 1등 게임으로 자리잡은 타이틀이다. 오픈 첫날 일매출 79억원을 돌파한 데 이어 론칭 한 달만에 누적 매출 2천억원을 기록하는 등 전례 없는 대기록을 남기기도 했다. \xa0 현재도 매출 1위 자리를 놓치진 않고 있지만 최근 게임 서비스에 따른 자연감소, 청소년이용불가 등급분류에 따른 불안감, 경쟁작 \'리니지M\'의 출시 임박 등의 요소가 맞물리면서 론칭 초반과 같은 실적은 나오지 않고 있는 것으로 전해진다. \xa0오 연구원은 ""\'리니지2 레볼루션\'의 국내 매출은 빠지고 있지만 넷마블이 3분기 \'테라 MMO\', 4분기 \'블소모바일\', \'킹오파 올스타\', \'스타워즈\' 등 글로벌 IP를 이용한 다양한 신작 론칭을 준비하고 있는 만큼 흥행대작이 배출될 가능성은 여전히 열려 있다""고 말했다. \xa0이어 넷마블게임즈의 현재 주가는 2017년 기준 23.3배 P/E로 글로벌 대형 PC/콘솔게임 업체와 유사한 수준이지만 연간 15종 이상의 신작 출시 역량과 그간 보여준 높은 흥행비율을 고려하면 크게 부담스러운 수준은 아니다""라고 덧붙였다. \xa0한편, 삼성증권은 넷마블게임즈에 대한 투자의견과 목표주가는 제시하지 않았다. \xa0류세나 기자 cream53@< 저작권자 ⓒ 부산일보(www.busan.com) 무단 전재 및 재배포 금지 > 부산일보 관련뉴스해당 언론사에서 선정하며 언론사 페이지(아웃링크)로 이동해 볼 수 있습니다.G9, 유기동물 돕기 기부 캠페인 진행...써니등 10명의 스타 동참문재인 대통령 취임사는 \'노무현의 필사\' 윤태영의 작품\'파수꾼\' 이시영X김영광 포스터 공개 ""니들이 안잡고, 못잡으니까"" 강렬카피여기어때, 5월 말까지 전국 호텔 24곳 최대 80% 할인유준상, 새드라마 \'조작\' 으로 안방극장 복귀...탐사전문 기자로 활약좋아요0훈훈해요0슬퍼요0화나요0후속기사 원해요0기사제공 :']"
8,NC soft, 2017-05-1509:08,뉴시스 ,[빅데이터MSI]시장심리 톱5…삼성전기·대상·LG전자·대한항공·신세계,https://finance.naver.com/news/news_read.nhn?article_id=0007953907&office_id=003&mode=search&query=엔씨&page=1,"['       [빅데이터MSI]시장심리 톱5…삼성전기·대상·LG전자·대한항공·신세계      기사입력2017-05-15 09:08기사원문좋아요훈훈해요좋아요 평가하기공감좋아요0훈훈해요0슬퍼요0화나요0후속기사 원해요0댓글 시장심리 워스트5,  LG디스플레이·코오롱인더·엔씨소프트·코스맥스·기아차 【서울=뉴시스】강세훈 기자 = 15일 오전 빅데이터 시장심리지수(MSI)가 가장 높은 톱5로 삼성전기·대상·LG전자·대한항공·신세계가 선정됐다. 반면 가장 낮은 워스트5로 LG디스플레이, 코오롱인더, 엔씨소프트, 코스맥스, 기아차가 선정됐다.   뉴시스와 코스콤이 주요 상장기업 250곳에 대해 공동 분석해 산출해 낸 빅데이터 시장심리지수(MSI·Market Sentiment Index)로 전 거래일 오후 4시부터 이날 오전 8시까지 데이터를 취합한 결과 이같이 나타났다.  이날 톱5에 선정된 삼성전기 MSI 레벨은 전 거래일 4단계에서 이날 7단계로 상승했다. 삼성전기와 관련해 온라인상에서 주로 언급된 키워드로는 카메라, 듀얼카메라, 장애인, 듀얼, 기술, 스마트폰, 중국, 실적, 전국, 카메라모듈 등이 상위에 올랐다. 대상 MSI 레벨은 전 거래일 1단계에서 이날 7단계로 상승했다.  LG전자 MSI 레벨은 전 거래일 7단계를 기록한 데 이어 이날도 7단계를 유지했다. LG전자와 관련해 온라인상에서 주로 언급된 키워드로는 시장, 스마트폰, 제품, 열전모듈, 베트남, 냉장고, 넷마블, LG이노텍, 프리미엄, 기능 등이 상위에 올랐다.  대한항공 MSI 레벨은 전 거래일 3단계에서 이날 7단계로 상승했다. 대한항공과 관련해 온라인상에서 주로 언급된 키워드로는 여행, 공항, 투자금액, 비행기, 기업, 신규, 시설, 노선 등이 상위에 올랐다. 신세계 MSI 레벨은 전 거래일 7단계를 기록한 데 이어 이날도 7단계를 유지했다. 신세계 관련해 온라인상에서 주로 언급된 키워드로는 면세점, 실적, 영업이익, 백화점 등이 상위에 올랐다. 반면 가장 낮은 워스트5로 LG디스플레이, 코오롱인더, 엔씨소프트, 코스맥스, 기아차가 선정됐다.   LG디스플레이 MSI 레벨은 전 거래일 4단계에서 이날 1단계로 하락했다. LG디스플레이 관련 키워드로는 투자, 기업, LG디스플레이, 투자금액, 시장, 신규, 패널, 시설, 상장기업, 감소, 증가, 신규시설 등이 상위에 올랐다. 코오롱인더 MSI 레벨은 전 거래일 4단계에서 이날 1단계로 하락했다. 코오롱인더 관련 키워드로는 회사채, 발행, 영업이익, 실적, 규모, 시장, 감소, 매출액 등이 상위에 올랐다. 엔씨소프트 MSI 레벨은 전 거래일 1단계를 기록한 데 이어 이날도 1단계를 유지했다. 엔씨소프트 관련 키워드로는 넷마블, 게임, 매출, 상장, 넷마블게임즈, 모바일, 실적 등이 상위에 올랐다. BNK투자증권 이승훈 연구원은 ""1분기 영업이익은 리니지1 매출이 감소하고 전년의 성과급이 300억원 이상 반영되면서 시장의 기대치를 크게 하회했다""며 ""하반기부터 신작 모바일게임 매출 급증할 전망이다. 리니지M의 일매출 예상치를 상향하고 모바일게임 성공 가능성이 높아졌다""고 평가했다. 코스맥스 MSI 레벨은 전 거래일 3단계에서 이날 1단계로 하락했다. 코스맥스 관련 온라인 상 주로 언급된 키워드로는 중국, 실적, 외국인, 연구원, 영업이익, 국내, 매출 등이 상위에 올랐다. 한화투자증권 이승욱 연구원은 지난 12일 코스맥스에 대해 ""내수 침체와 중국 관련 불확실성이 지속됨에 따라 외형 성장과 수익성 둘 다 하향 조정이 불가피하다""며 ""수익성 악화가 올해 주가 상승의 발목을 잡을 것""이라고 밝혔다. 기아차 MSI 레벨은 전 거래일 4단계에서 이날 1단계로 하락했다. 기아차 관련 온라인 상 주로 언급된 키워드로는 리콜, 국토부, 현대, 차량, 결함, 강제리콜, 손상, 차종, 제네시스 등이 상위에 올랐다. 지난 12일 국토부는 제네시스와 쏘나타 등 현대·기아자동차의 12개 차종에 강제 리콜 명령을 내렸따. 대상은 5건의 제작 결함과 관련된 현대·기아차의 12개 차종이다 한편 뉴시스와 코스콤은 온라인과 소셜네트워크서비스(SNS)에서 수집된 개별 종목 관련 빅데이터를 긍정과 부정으로 분류해 점수화한 다음 이를 최근 1년 간 흐름과 비교해 지수를 산출했다. MSI산출 대상은 코스피 200종목과 코스피 지수, 코스닥 50종목과 코스닥 지수 등 250개 개별 종목이다. MSI는 1단계 \'매우 나쁨\', 2단계 \'나쁨\', 3단계 \'약간 나쁨\', 4단계 \'보통\', 5단계 \'약간 좋음\', 6단계 \'좋음\', 7단계 \'매우 좋음\' 등 총 7단계로 분류한다. kangse@newsis.com ※ 빅데이터 MSI는 투자 참고용이며, 투자 결과에 책임을 지지 않습니다. 주식시장에는 다양한 국내외 변수가 존재하며, 한 지표로만 판단하면 뜻하지 않은 결과를 초래할 수 있습니다. 뉴시스 뉴스, 네이버 뉴스 스탠드에서도 만나세요뉴시스 SNS [페이스북] [트위터]뉴시스 관련뉴스해당 언론사에서 선정하며 언론사 페이지(아웃링크)로 이동해 볼 수 있습니다.\'회식비\' 사용법 놓고 회사 후배와 싸우다 사망…산재 인정\'40여년간 가정폭력\' 前남편 청부살해…60대女 15년형세상에…담배피는 토끼 발견해 \'찰칵\'北 ""중장거리 로켓 발사 성공""…ICBM급 개발한 듯靑 \'국정농단\' 재수사 언급에 SK·롯데 \'좌불안석\'좋아요0훈훈해요0슬퍼요0화나요0후속기사 원해요0기사제공 :']"
9,NC soft, 2017-05-1508:45,뉴시스 ,[빅데이터MSI]15일 빅데이터 '핫 키워드'…시장·게임·넷마블·실적·매출,https://finance.naver.com/news/news_read.nhn?article_id=0007953872&office_id=003&mode=search&query=엔씨&page=1,"['       [빅데이터MSI]15일 빅데이터 \'핫 키워드\'…시장·게임·넷마블·실적·매출      기사입력2017-05-15 08:45기사원문좋아요훈훈해요좋아요 평가하기공감좋아요0훈훈해요0슬퍼요0화나요0후속기사 원해요0댓글【서울=뉴시스】안호균 기자 = 15일 빅데이터 시장심리지수(MSI)의 핫 키워드는 \'시장\'으로 나타났다.  이날 뉴시스와 코스콤(구 한국증권전산)이 공동 분석한 빅데이터 시장심리지수(MSI)에 따르면 전 거래일 오후 4시부터 이날 오전 8시까지 온라인과 소셜네트워크서비스(SNS), 블로그, 증권 관련 사이트에서 집계된 주요 상위 키워드는 시장·게임·넷마블·실적·매출 등이다. 새 정부 출범 이후 코스피 상승세가 지속될 수 있을지에 관심이 모아지면서 \'시장\'(1만234건) 키워드가 1위에 올랐다. 지난 12일 코스피지수는 전일대비 10.35포인트 떨어진 2286.02로 마감했다. 최근 1000억원 이상 꾸준한 순매수세를 나타내 온 외국인이  6일 만에 \'팔자\'로 전환하면서 하락 전환했다. 하지만 새 정부가 출범하면서 지난주 전체로 보면 코스피지수는 상승 흐름을 나타냈다. 지난주(8~12일) 국내 증시는 2241.24로 출발해 2286.02로 마감, 2% 가량 상승했다. 4거래일 동안 외국인은 4527억원을 순매수하며 지수 상승을 이끌었다.  김병연 NH투자증권 연구원은 ""코스피 사상 최고치의 경신이 지속되고 있고, 대선 이후 코스닥의 모멘텀도 확대되고 있는 양상""이라며 ""양호한 실적으로 밸류에이션은 여전히 매력적이라는 점에서 추가 상승 지속을 예상한다""고 전망했다. 국내 1위 모바일 게임사인 넷마블게임즈(넷마블)가 유가증권시장 상장 첫날 게임 대장주로 등극하면서 \'게임\'(8755건)과 \'넷마블\'(7139건) 키워드가 각각 2위와 3위에 올랐다. 넷마블은 지난 12일 유가증권시장에서 시초가인 16만5000원보다 1.82%(3000원) 하락한 16만2000원에 거래를 마쳤다.  그러나 넷마블의 첫날 주가는 공모가 15만7000원을 5.1% 웃돌면서 선방했다는 평가가 지배적이다. 시가총액은 코스피에서 21위 수준이다. 또 넷마블의 시총은 이날 종가 기준으로 13조7263억원을 기록, 기존 게임업종 시총 1위 기업인 엔씨소프트(7조6971억원)를 앞지르며 \'게임 대장주\'로 등극했다. 1분기 주요 기업들의 실적 발표가 이어지면서 \'실적\'(6917건)과 \'매출\'(6803건) 키워드가 각각 4위와 5위에 올랐다. 삼성생명은 올해 1분기 연결재무제표 기준 영업이익이 전년동기대비 42.6% 늘어난 7989억9600만원으로 잠정 집계됐다고 지난 12일 공시했다.  같은 기간 매출액은 9조1704억2500만원으로 15.7% 증가했으나 당기순이익은 5947억7200만원으로 53.1% 줄었다.  롯데하이마트는 올해 1분기 개별재무제표 기준 영업이익이 전년동기대비 30.14% 늘어난 363억9200만원으로 잠정 집계됐다고 밝혔다. 같은 기간 매출액과 당기순이익은 8969억6400만원, 254억8100만원으로 각각 1.04%, 33.85%씩 증가했다.  CJ CGV(079160)는 올해 1분기 연결재무제표 기준 영업이익이 전년동기대비 17.67% 줄어든 145억8000만원으로 잠정 집계됐다고 발표했다. 같은 기간 매출액은 4055억1800만원으로 29.03% 늘었으나 당기순이익은 19억2100만원으로 85.99% 감소했다.   ahk@newsis.com 뉴시스 뉴스, 네이버 뉴스 스탠드에서도 만나세요뉴시스 SNS [페이스북] [트위터]뉴시스 관련뉴스해당 언론사에서 선정하며 언론사 페이지(아웃링크)로 이동해 볼 수 있습니다.\'40여년간 가정폭력\' 前남편 청부살해…60대女 15년형\'옛 여친 나체사진\' 그녀의 남편에게 전송한 30대마루·찡찡이…文대통령 반려동물 줄줄이 靑 입성세월호 3층 일반인 객실서도 사람뼈 2점 발견北 ""중장거리 로켓 발사 성공""…ICBM급 개발한 듯좋아요0훈훈해요0슬퍼요0화나요0후속기사 원해요0기사제공 :']"
10,NC soft, 2017-05-1507:51,이데일리 ,넷마블 ‘리니지2 레볼루션’ 주춤…흥행 신작 필요-삼성,https://finance.naver.com/news/news_read.nhn?article_id=0003823985&office_id=018&mode=search&query=엔씨&page=1,"[""       넷마블 ‘리니지2 레볼루션’ 주춤…흥행 신작 필요-삼성      기사입력2017-05-15 07:51기사원문좋아요훈훈해요좋아요 평가하기공감좋아요0훈훈해요0슬퍼요0화나요0후속기사 원해요0댓글리니지2 레볼루션 일매출 추이.[이데일리 이명철 기자] 삼성증권은 15일 넷마블게임즈(251270)에 대해 ‘리니지2 레볼루션’ 일매출의 빠른 하락과 최근 출시 신작 매출 부진으로 실적 추정 하향이 필요하지만 3분기 ‘리니지2’ 글로벌 출시와 글로벌 지적재산권(IP) 기반 신작 출시가 예정돼 흥행 가능성은 여전하다고 진단했다. 투자의견과 목표주가는 제시하지 않았다. 오동환 삼성증권 연구원은 “넷마블게임즈는 12일 코스피시장 상장에서 공모가(15만7000원)보다 5.1% 높은 시초가 16만5000원에서 시작해 1.8% 내린 16만2000원으로 마감했다”며 “시가총액 13조7000억원으로 국내 최대 규모 게임 기업으로 등극했다”고 분석했다.상장은 성공적이었지만 리니지2 레볼루션 일매출이 시장 예상치보다 빠르게 하락하는 점은 부담이다. 그는 “지난달 30일 다중접속역할수행게임(MMORPG) 장르 최고 콘텐츠인 공성전이 도입됐음에도 5월 일평균 매출이 20억원 이하로 하락한 것으로 추정된다”며 “지난달 출시한 카밤 신작 ‘트랜스포머 포지드 투 파이트’는 미국 매출 순위 100위 내 진입에 실패했고 텐센트 개발 ‘펜타스톰’도 국내 매출 20위권 수준에 머무르고 있다”고 지적했다.내달 엔씨소프트(036570)의 ‘리니지M’ 출시가 예정돼 레볼루션 국내 매출은 당분간 약세가 예상된다. 다만 3분기부터 일본, 중국, 북미 출시가 순차 예정돼 매출 반등이 가능할 전망이다. 그는 “중국 시장 MMO 인기와 리니지 IP 인지도 등을 고려하면 흥행 가능성은 높다”며 “3분기 테라 MMO, 4분기 블소 모바일 등 대작 MMO 출시와 킹오파 올스타, 요괴워치 메달워즈, 스톤에이지 등 글로벌 IP 이용 신작 출시가 예정됐다”고 기대했다.아울러 “현재 주가수익비율(P/E)은 글로벌 대형 PC·콘솔 게임업체와 유사한 23.3배로 수준으로 연간 15종 이상 신작 출시 역량과 흥행 비율을 고려하면 크게 부담스러운 수준은 아니다”라며 “최근 성과가 상당부분 주가에 반영된 만큼 단기 주가 조정이나 신작 흥행 성과를 보고 투자에 나서는 게 좋다”고 조언했다.이명철 (twomc@edaily.co.kr)▶심쿵유발 스타 화보 [핫포토]▶이데일리 [페이스북] | [포스트]▶한 눈에 보는 이슈 트렌드 [카드뉴스]＜ⓒ종합 경제정보 미디어 이데일리 - 무단전재 & 재배포 금지＞이데일리 관련뉴스해당 언론사에서 선정하며 언론사 페이지(아웃링크)로 이동해 볼 수 있습니다.[단독]페이스북, 고객 볼모로 통신망 공짜로 내놔라 요구 파문[비정규직 제로시대]공공부문 비정규직만 31만명...'발등의 불'돌싱女 34%, 남편 외도로 이혼한다면 '절대 반대' 미혼女는?스승의 날 카네이션이 뇌물?…교사·학생 황당할 따름이죠볼뽀뽀부터 토리 입양까지...파격으로 본 文대통령의 일주일(종합)좋아요0훈훈해요0슬퍼요0화나요0후속기사 원해요0기사제공 :""]"
11,NC soft, 2017-05-1505:04,국민일보 ,주식도 싼 게 비지떡,https://finance.naver.com/news/news_read.nhn?article_id=0000991481&office_id=005&mode=search&query=엔씨&page=1,"['       주식도 싼 게 비지떡      기사입력2017-05-15 05:04기사원문좋아요훈훈해요좋아요 평가하기공감좋아요0훈훈해요0슬퍼요0화나요0후속기사 원해요0댓글 ‘싼 게 비지떡’이라는 속담이 주식시장에도 적용됐다. 올해 100만원 이상 고가 주식은 수익률이 높았던 반면 1000원 미만 동전주들은 약세를 면치 못했다. 14일 한국거래소에 따르면 지난해 말 종가가 100만원 이상인 주식 4개 종목의 올해 평균 수익률은 지난 12일까지 15.07%를 기록했다. 삼성전자(27.14%) 삼성전자 우선주(21.7%) 롯데칠성(21.03%)이 올랐다. 다만 영풍은 9.59% 하락해 주가가 96만2000원으로 떨어졌다. 50만∼100만원 종목 9개의 수익률은 10.92%였다. 남양유업(24.52%)이 가장 높았다. 10만∼50만원 종목 76개는 6.49%를 기록했다. 엔씨소프트(41.82%) 삼성SDI(40.37%) 동원F&B(32.83%) 등이 올랐다. 가격대 5만∼10만원 종목 92개는 7.65%, 5000∼1만원 157개 종목은 5.3%, 1000∼5000원 218개 종목은 3.18%를 기록해 가격이 낮아질수록 수익률도 낮았다. 1000원 미만 종목 19개의 수익률은 -4.04%였다. 코스피가 고공비행 중이지만 코스피·코스닥시장 전체 상장사 중 45%는 올해 주가가 하락했다. 코스피시장 전체 750개 상장사 중 302개(40.3%) 종목의 주가가 떨어졌다. 특히 코스닥시장에서는 전체 1223개 중 588개(48.1%) 종목이 내렸다. 다만 금융투자업계에서는 문재인정부 출범 이후 중소형주 투자심리도 개선될 것으로 전망한다. 하나금융투자 김용구 연구원은 “코스닥 중소형주 시장이 바닥을 통과한 징후가 뚜렷하다”며 “새 정부 정책 수혜와 글로벌 산업 트렌드 변화에 따른 한국형 4차 산업혁명 중소형 기술주가 주목된다”고 말했다.나성원 기자[국민일보 홈페이지] [페이스북] [트위터][취재대행소 왱!(클릭)]GoodNews paper ⓒ 국민일보(www.kmib.co.kr), 무단전재 및 재배포금지국민일보 관련뉴스해당 언론사에서 선정하며 언론사 페이지(아웃링크)로 이동해 볼 수 있습니다.잡아당기는 \'트럼프 악수\', 각국 정상 반응… 문 대통령은? (영상)같은 교회 다니는 전·후임 총리 이낙연·황교안… \'묘한 인연\'대선일 미국 하늘에 등장한 \'한반도 구름\'과 \'달\'…""절묘""김동길, 문 대통령에 ""임기 끝나도 자살하지 마시오""은수미 전 의원 \'미쿠냥 코스프레\' 대선 약속 지켰다좋아요0훈훈해요0슬퍼요0화나요0후속기사 원해요0기사제공 :']"
